7.284060153725259168e-01 7.408655802371100219e-01 9.611846632341757291e-01 8.689125549571958818e-01 6.664481998117285366e-01
4.901432384737026693e-01 4.201647861316099020e-01 6.333789659835284969e-01 4.820229324094542078e-01 5.600463753846219861e-01
2.348380005656823533e-01 4.260167420662159254e-01 2.498374874806908175e-01 2.501825097948737753e-01 2.491471927760078309e-01
3.291183802283959015e-01 2.640677920020830793e-01 2.187896814587619310e-01 2.742217009394409821e-01 2.278957566518798050e-01
9.125794948289518704e-02 3.274581395061139100e-01 5.122015401989318817e-02 6.108883469505428654e-02 1.112615396773891097e-01
6.884779033685831107e-02 5.612495764051916858e-02 7.225983403891408918e-02 5.845601876611568326e-02 2.932357623597282859e-02
2.321256470731921165e-02 2.131497102218246013e-03 1.697785551181157093e-01 6.065293522768579193e-02 2.844041413966981457e-02
1.169944437019771258e-02 1.873113555588355045e-02 9.069262777667421588e-03 1.575623227627605955e-03 1.058244080530352897e-02
1.422688269649994902e-03 3.865214622953346089e-03 4.739962424116159201e-03 1.275445470522030243e-03 3.162984155301501888e-03
5.692963934211523781e-04 1.647903655998922108e-03 1.636854417471947940e-03 3.124244818026139427e-03 9.101406373124657292e-03
